00000000000000000000000000000000
01001000000000100000000000000000
11001000000000100000000000000000
00101000000000010000000000000000
00000000000000110000000000000000
10101000000001000000000000000000
01101000000000010000000000000000
00011000000001100000000000000000
01101000000000100000000000000000
11101000000000010000000000000000
00101000000001100000000000000000
00101000000000100000000000000000
01101000000001100000000000000000
00011000000000100000000000000000
00000000000000110000000000000000
10011000000000000000000000000000
01001000000000000000000000000000
00000000000001110000000000000000
00000000000000000000000000000000
11000100001111111111111111111111
00111011110000000000000000000000
10111111111111111111111111111111
00100100001111111111111111111111
10000000000000000000000000000000
00000000000000000000000000000000
00001000000000000000000000000000
